0,0,0.03,0,0.0005,0.03,0,0.001,0.03,0,0.0015,0.03,0,0.002,0.03,0,0.0025,0.03,0,0.003,0.03,0,0.0035,0.03,0,0.004,0.03,0,0.0045,0.03,0,0.005,0.03,0
0.005000000000000001,0,0.03,0.648062532519871,0.0005,0.03,0.6480398687392532,0.001,0.03,0.647969824535708,0.0015,0.03,0.6477739080995198,0.002,0.03,0.6475536440186067,0.0025,0.03,0.6473187119985144,0.003,0.03,0.6469394903227486,0.0035,0.03,0.6465463453097547,0.004,0.03,0.6460824563524141,0.0045,0.03,0.6455778019559169,0.005,0.03,0.6449435557224579
0.01000000000000001,0,0.03,4.286315367864813,0.0005,0.03,4.286312951030274,0.001,0.03,4.286275923379673,0.0015,0.03,4.286146941339616,0.002,0.03,4.285998780411965,0.0025,0.03,4.285838241816228,0.003,0.03,4.28559195802625,0.0035,0.03,4.285338599709352,0.004,0.03,4.285009947105094,0.0045,0.03,4.284660218433741,0.005,0.03,4.284239525601117
0.01500000000000001,0,0.03,7.923277455381754,0.0005,0.03,7.923301141552244,0.001,0.03,7.923362060024507,0.0015,0.03,7.923521906941764,0.002,0.03,7.923680225241297,0.0025,0.03,7.923832109739002,0.003,0.03,7.924110410537565,0.0035,0.03,7.924406757986427,0.004,0.03,7.92470296153909,0.0045,0.03,7.925035141282899,0.005,0.03,7.92548387985849
0.02000000000000001,0,0.03,9.847101573004888,0.0005,0.03,9.847151717391363,0.001,0.03,9.847211583673882,0.0015,0.03,9.847297283854594,0.002,0.03,9.847375773986414,0.0025,0.03,9.847440805855509,0.003,0.03,9.847592656617771,0.0035,0.03,9.847764546097189,0.004,0.03,9.84788989850685,0.0045,0.03,9.848033906704373,0.005,0.03,9.848277866777266
0.02500000000000002,0,0.03,9.989933443127242,0.0005,0.03,9.990025821007588,0.001,0.03,9.990150959653668,0.0015,0.03,9.990363162376998,0.002,0.03,9.990587923551292,0.0025,0.03,9.990792367366698,0.003,0.03,9.991189075672942,0.0035,0.03,9.991627544106079,0.004,0.03,9.992003293866153,0.0045,0.03,9.992415193628123,0.005,0.03,9.993009068160671
0.03000000000000002,0,0.03,6.433022320512661,0.0005,0.03,6.433128674303938,0.001,0.03,6.433249328601898,0.0015,0.03,6.433407990959362,0.002,0.03,6.433597274402916,0.0025,0.03,6.43374767325751,0.003,0.03,6.434056458327833,0.0035,0.03,6.434408433990352,0.004,0.03,6.434661548262543,0.0045,0.03,6.434925123539458,0.005,0.03,6.435299555203808
0.03500000000000002,0,0.03,-0.2949644578134567,0.0005,0.03,-0.2948180244846252,0.001,0.03,-0.2946958843062402,0.0015,0.03,-0.2946383156724539,0.002,0.03,-0.2945226237022163,0.0025,0.03,-0.2944635331689232,0.003,0.03,-0.2943105058051407,0.0035,0.03,-0.2941255738100792,0.004,0.03,-0.2940679609671921,0.0045,0.03,-0.2940250392442278,0.005,0.03,-0.2939468096086628
0.04000000000000003,0,0.03,-10.16268373084829,0.0005,0.03,-10.16241368185175,0.001,0.03,-10.16214208469291,0.0015,0.03,-10.16186637221306,0.002,0.03,-10.16144096794056,0.0025,0.03,-10.16107775068693,0.003,0.03,-10.16045174660847,0.0035,0.03,-10.15976132489973,0.004,0.03,-10.15911812578421,0.0045,0.03,-10.15842902440138,0.005,0.03,-10.15753097958656
0.04500000000000003,0,0.03,-23.97166646810015,0.0005,0.03,-23.97129973959223,0.001,0.03,-23.97096478222459,0.0015,0.03,-23.97071428243671,0.002,0.03,-23.97024668639547,0.0025,0.03,-23.96986201877344,0.003,0.03,-23.96923699862561,0.0035,0.03,-23.9685648486323,0.004,0.03,-23.96792444588901,0.0045,0.03,-23.96723523541262,0.005,0.03,-23.96637846753824
0.05000000000000004,0,0.03,-42.27671564135188,0.0005,0.03,-42.27620503637819,0.001,0.03,-42.27575907537776,0.0015,0.03,-42.27548499928186,0.002,0.03,-42.27491382146334,0.0025,0.03,-42.274457035096,0.003,0.03,-42.27374079456081,0.0035,0.03,-42.27302126849212,0.004,0.03,-42.27226570255034,0.0045,0.03,-42.27147593568819,0.005,0.03,-42.27050486986912
0.05500000000000004,0,0.03,-66.33464321180898,0.0005,0.03,-66.33393003517656,0.001,0.03,-66.33331724116643,0.0015,0.03,-66.33297243206385,0.002,0.03,-66.33223290000292,0.0025,0.03,-66.33164233294264,0.003,0.03,-66.33074466144021,0.0035,0.03,-66.32989614158807,0.004,0.03,-66.32891828620082,0.0045,0.03,-66.32793137283088,0.005,0.03,-66.32671227891994
0.06000000000000005,0,0.03,-97.79600092771946,0.0005,0.03,-97.79506745152609,0.001,0.03,-97.79431208171945,0.0015,0.03,-97.79402243196108,0.002,0.03,-97.79331213111661,0.0025,0.03,-97.79268869686898,0.003,0.03,-97.79185368225313,0.0035,0.03,-97.7911637059113,0.004,0.03,-97.790291762751,0.0045,0.03,-97.78945561322951,0.005,0.03,-97.78842348501693
0.06500000000000004,0,0.03,-137.9190685552276,0.0005,0.03,-137.9179071475878,0.001,0.03,-137.9170107906334,0.0015,0.03,-137.9167851011161,0.002,0.03,-137.9161104955444,0.0025,0.03,-137.9154495979994,0.003,0.03,-137.9147013409487,0.0035,0.03,-137.9142385016275,0.004,0.03,-137.9135159204204,0.0045,0.03,-137.9128867842546,0.005,0.03,-137.9121295368849
0.07000000000000005,0,0.03,-186.4444186460011,0.0005,0.03,-186.4430230048878,0.001,0.03,-186.4419387446969,0.0015,0.03,-186.441635560715,0.002,0.03,-186.4407914279241,0.0025,0.03,-186.4398195601997,0.003,0.03,-186.4388080916461,0.0035,0.03,-186.4383136034627,0.004,0.03,-186.4372196713991,0.0045,0.03,-186.4362951819542,0.005,0.03,-186.4351479969896
0.07500000000000005,0,0.03,-243.3020061468196,0.0005,0.03,-243.3006487678015,0.001,0.03,-243.2996861669681,0.0015,0.03,-243.2996178362594,0.002,0.03,-243.2990774068481,0.0025,0.03,-243.2983158419107,0.003,0.03,-243.2979635041447,0.0035,0.03,-243.2981183365188,0.004,0.03,-243.2977513236829,0.0045,0.03,-243.2975689693572,0.005,0.03,-243.2973377498506
0.08000000000000006,0,0.03,-306.1565789254632,0.0005,0.03,-306.1554352316959,0.001,0.03,-306.1547100511901,0.0015,0.03,-306.1548425747595,0.002,0.03,-306.1545795315839,0.0025,0.03,-306.1540005355428,0.003,0.03,-306.154195759381,0.0035,0.03,-306.1547365392789,0.004,0.03,-306.1548389948703,0.0045,0.03,-306.155242514659,0.005,0.03,-306.1556283547362
0.08500000000000006,0,0.03,-371.8859061090431,0.0005,0.03,-371.8852605151602,0.001,0.03,-371.8848204256386,0.0015,0.03,-371.884929504761,0.002,0.03,-371.884764744397,0.0025,0.03,-371.8843683029965,0.003,0.03,-371.8848282376709,0.0035,0.03,-371.8854327443684,0.004,0.03,-371.8856081648428,0.0045,0.03,-371.8861769599712,0.005,0.03,-371.886730401554
0.09000000000000007,0,0.03,-437.2132195257242,0.0005,0.03,-437.2131995004693,0.001,0.03,-437.213133835242,0.0015,0.03,-437.2133119158416,0.002,0.03,-437.2133759835245,0.0025,0.03,-437.2134090083359,0.003,0.03,-437.2141087429609,0.0035,0.03,-437.2147849598747,0.004,0.03,-437.2152079253015,0.0045,0.03,-437.2159047047839,0.005,0.03,-437.2167155931571
0.09500000000000007,0,0.03,-499.6094254559509,0.0005,0.03,-499.609322741226,0.001,0.03,-499.6093009135532,0.0015,0.03,-499.6096741616233,0.002,0.03,-499.6100774917071,0.0025,0.03,-499.6105960701544,0.003,0.03,-499.6115860707854,0.0035,0.03,-499.6125169811995,0.004,0.03,-499.6133028207965,0.0045,0.03,-499.6142323562943,0.005,0.03,-499.6156809695862
0.1000000000000001,0,0.03,-556.8336505749625,0.0005,0.03,-556.8337270821834,0.001,0.03,-556.833876855565,0.0015,0.03,-556.8342458921394,0.002,0.03,-556.834608599649,0.0025,0.03,-556.8351124793325,0.003,0.03,-556.8361261301591,0.0035,0.03,-556.8371239851824,0.004,0.03,-556.837950479218,0.0045,0.03,-556.8388502863164,0.005,0.03,-556.8402534577691
0.1053906131144585,0,0.03,-612.1077576564047,0.0005,0.03,-612.1076815097072,0.001,0.03,-612.1077443539739,0.0015,0.03,-612.1081742922049,0.002,0.03,-612.1082950877316,0.0025,0.03,-612.1085284520788,0.003,0.03,-612.1094669912361,0.0035,0.03,-612.1105773394017,0.004,0.03,-612.111064113932,0.0045,0.03,-612.1116040784676,0.005,0.03,-612.1126639588996
0.11049328149828,0,0.03,-639.4432929908935,0.0005,0.03,-639.4434276587846,0.001,0.03,-639.4434780112354,0.0015,0.03,-639.4433084124837,0.002,0.03,-639.4431106649105,0.0025,0.03,-639.4429522180254,0.003,0.03,-639.4427762239125,0.0035,0.03,-639.4427396971333,0.004,0.03,-639.4421929229292,0.0045,0.03,-639.4417341039998,0.005,0.03,-639.4415385170447
0.11549328149828,0,0.03,-683.1361852704433,0.0005,0.03,-683.1360582772267,0.001,0.03,-683.1362222945729,0.0015,0.03,-683.1371432790186,0.002,0.03,-683.1380302401495,0.0025,0.03,-683.1389062967822,0.003,0.03,-683.1405983607071,0.0035,0.03,-683.1422262160218,0.004,0.03,-683.1438237276705,0.0045,0.03,-683.1458177671267,0.005,0.03,-683.148690117303
0.12011828149828,0,0.03,-701.6019097177174,0.0005,0.03,-701.6060724624398,0.001,0.03,-701.61818334986,0.0015,0.03,-701.650914047375,0.002,0.03,-701.6867314612078,0.0025,0.03,-701.7257725569314,0.003,0.03,-701.7916298208273,0.0035,0.03,-701.8577532330654,0.004,0.03,-701.9354252945934,0.0045,0.03,-702.020681546456,0.005,0.03,-702.1294234925554
0.1250959498821015,0,0.03,-749.8538623563087,0.0005,0.03,-749.8537237311997,0.001,0.03,-749.8531411196325,0.0015,0.03,-749.8514104971899,0.002,0.03,-749.8495411231451,0.0025,0.03,-749.8477603405146,0.003,0.03,-749.8449671370706,0.0035,0.03,-749.8420022171305,0.004,0.03,-749.8383247360282,0.0045,0.03,-749.834437573483,0.005,0.03,-749.8299047769798
0.1302477288046492,0,0.03,-803.3202745015933,0.0005,0.03,-803.3220473414426,0.001,0.03,-803.3266411653062,0.0015,0.03,-803.3384982551926,0.002,0.03,-803.3529762650256,0.0025,0.03,-803.3673646558567,0.003,0.03,-803.3924765501652,0.0035,0.03,-803.4189774389536,0.004,0.03,-803.4472880307273,0.0045,0.03,-803.4776586796916,0.005,0.03,-803.5174671911928
0.1352279931023994,0,0.03,-862.8165080365924,0.0005,0.03,-862.8160944335413,0.001,0.03,-862.8151671708517,0.0015,0.03,-862.8128771519121,0.002,0.03,-862.8105812365375,0.0025,0.03,-862.8081752518494,0.003,0.03,-862.8048353213487,0.0035,0.03,-862.8002703999684,0.004,0.03,-862.7944043776079,0.0045,0.03,-862.7885435150474,0.005,0.03,-862.7813732213765
0.1402279931023994,0,0.03,-931.7690408802496,0.0005,0.03,-931.768847873875,0.001,0.03,-931.7685697170754,0.0015,0.03,-931.7679425120663,0.002,0.03,-931.7676403013509,0.0025,0.03,-931.7674338645337,0.003,0.03,-931.767149364577,0.0035,0.03,-931.7660107712085,0.004,0.03,-931.7643231646573,0.0045,0.03,-931.7626538717302,0.005,0.03,-931.7608872101293
0.1450407443847259,0,0.03,-998.6952717706378,0.0005,0.03,-998.6935932331993,0.001,0.03,-998.692328817257,0.0015,0.03,-998.6914936894391,0.002,0.03,-998.6920753781807,0.0025,0.03,-998.6935305439964,0.003,0.03,-998.693694597582,0.0035,0.03,-998.6932546901687,0.004,0.03,-998.6931771064634,0.0045,0.03,-998.6924371458315,0.005,0.03,-998.6929102539256
0.1504936062168579,0,0.03,-1089.939185352858,0.0005,0.03,-1089.937532011359,0.001,0.03,-1089.936634449759,0.0015,0.03,-1089.937669254242,0.002,0.03,-1089.939807891031,0.0025,0.03,-1089.942596615277,0.003,0.03,-1089.944692575037,0.0035,0.03,-1089.946886833127,0.004,0.03,-1089.950316780608,0.0045,0.03,-1089.953331606586,0.005,0.03,-1089.958198496622
0.1554936062168579,0,0.03,-1174.194862988889,0.0005,0.03,-1174.196402135904,0.001,0.03,-1174.19759902829,0.0015,0.03,-1174.197597786469,0.002,0.03,-1174.198158486962,0.0025,0.03,-1174.198909395388,0.003,0.03,-1174.199416751783,0.0035,0.03,-1174.200344654991,0.004,0.03,-1174.201686200613,0.0045,0.03,-1174.203348655295,0.005,0.03,-1174.204697106753
0.1604936062168579,0,0.03,-1258.998720351488,0.0005,0.03,-1259.003234498954,0.001,0.03,-1259.005945769494,0.0015,0.03,-1259.004557000256,0.002,0.03,-1259.003085814472,0.0025,0.03,-1259.001656830756,0.003,0.03,-1258.998341118894,0.0035,0.03,-1258.996399193567,0.004,0.03,-1258.994376751097,0.0045,0.03,-1258.992230146204,0.005,0.03,-1258.988572649155
0.1654936062168579,0,0.03,-1352.015737269423,0.0005,0.03,-1352.020979509069,0.001,0.03,-1352.024802946953,0.0015,0.03,-1352.025547768367,0.002,0.03,-1352.026267004486,0.0025,0.03,-1352.026845941553,0.003,0.03,-1352.027878601702,0.0035,0.03,-1352.029191201037,0.004,0.03,-1352.031871376244,0.0045,0.03,-1352.034510999631,0.005,0.03,-1352.036997684884
0.170044562136704,0,0.03,-1431.505922439901,0.0005,0.03,-1431.522464726336,0.001,0.03,-1431.533997242771,0.0015,0.03,-1431.534912597254,0.002,0.03,-1431.533902688496,0.0025,0.03,-1431.529932931412,0.003,0.03,-1431.527287036852,0.0035,0.03,-1431.526177151002,0.004,0.03,-1431.5268699469,0.0045,0.03,-1431.526866822717,0.005,0.03,-1431.526716073026
0.1753842193313163,0,0.03,-1528.939706077281,0.0005,0.03,-1528.941897626373,0.001,0.03,-1528.943468252643,0.0015,0.03,-1528.943474845235,0.002,0.03,-1528.943191332521,0.0025,0.03,-1528.942081749675,0.003,0.03,-1528.941277421667,0.0035,0.03,-1528.940569338865,0.004,0.03,-1528.940026795346,0.0045,0.03,-1528.939615778508,0.005,0.03,-1528.939704146413
0.1803842193313163,0,0.03,-1629.079926652054,0.0005,0.03,-1629.079422802638,0.001,0.03,-1629.079437022425,0.0015,0.03,-1629.079823032568,0.002,0.03,-1629.080594868705,0.0025,0.03,-1629.08113508432,0.003,0.03,-1629.081989146215,0.0035,0.03,-1629.082874898717,0.004,0.03,-1629.083974045689,0.0045,0.03,-1629.085607560362,0.005,0.03,-1629.088338593225
0.1850788293151966,0,0.03,-1723.978128983168,0.0005,0.03,-1723.981148895106,0.001,0.03,-1723.982294980606,0.0015,0.03,-1723.979836849361,0.002,0.03,-1723.977614178313,0.0025,0.03,-1723.974902471673,0.003,0.03,-1723.969050878152,0.0035,0.03,-1723.963801560534,0.004,0.03,-1723.956750258206,0.0045,0.03,-1723.952229593685,0.005,0.03,-1723.946888589543
0.1900046418003063,0,0.03,-1835.748514527814,0.0005,0.03,-1835.745936744655,0.001,0.03,-1835.741499207808,0.0015,0.03,-1835.738080898822,0.002,0.03,-1835.740576134374,0.0025,0.03,-1835.744848571554,0.003,0.03,-1835.741471729282,0.0035,0.03,-1835.741474340073,0.004,0.03,-1835.740848387862,0.0045,0.03,-1835.740065063985,0.005,0.03,-1835.742834857663
0.1954064207228539,0,0.03,-1961.670103922561,0.0005,0.03,-1961.671242178298,0.001,0.03,-1961.671671934196,0.0015,0.03,-1961.6710794334,0.002,0.03,-1961.672863303095,0.0025,0.03,-1961.675250266333,0.003,0.03,-1961.675796453175,0.0035,0.03,-1961.677762888,0.004,0.03,-1961.679253200216,0.0045,0.03,-1961.680323310009,0.005,0.03,-1961.683272321937
0.2004064207228539,0,0.03,-2069.230630855821,0.0005,0.03,-2069.234962594849,0.001,0.03,-2069.237501011117,0.0015,0.03,-2069.236465841788,0.002,0.03,-2069.237027140747,0.0025,0.03,-2069.237349783412,0.003,0.03,-2069.236491037526,0.0035,0.03,-2069.236862006749,0.004,0.03,-2069.236089355275,0.0045,0.03,-2069.234636783693,0.005,0.03,-2069.235109969723
0.2054064207228539,0,0.03,-2166.292987742868,0.0005,0.03,-2166.294107552078,0.001,0.03,-2166.294943264712,0.0015,0.03,-2166.295165760712,0.002,0.03,-2166.29676246119,0.0025,0.03,-2166.298199328593,0.003,0.03,-2166.298909640852,0.0035,0.03,-2166.301562487923,0.004,0.03,-2166.303347874963,0.0045,0.03,-2166.304980925425,0.005,0.03,-2166.309341980275
0.2100494770026602,0,0.03,-2191.286951068103,0.0005,0.03,-2191.282439927415,0.001,0.03,-2191.283384643827,0.0015,0.03,-2191.293960946046,0.002,0.03,-2191.316693517986,0.0025,0.03,-2191.341310151916,0.003,0.03,-2191.369136441871,0.0035,0.03,-2191.409700749502,0.004,0.03,-2191.447794228321,0.0045,0.03,-2191.484135648942,0.005,0.03,-2191.532076993272
0.215245804784195,0,0.03,-2252.347862292128,0.0005,0.03,-2252.337405450275,0.001,0.03,-2252.330961610568,0.0015,0.03,-2252.332400317773,0.002,0.03,-2252.335211109225,0.0025,0.03,-2252.339098795279,0.003,0.03,-2252.343332902534,0.0035,0.03,-2252.352635407395,0.004,0.03,-2252.358074983848,0.0045,0.03,-2252.356765653035,0.005,0.03,-2252.362499007314
0.2200263257587662,0,0.03,-2251.641514905091,0.0005,0.03,-2251.556250829306,0.001,0.03,-2251.514959841902,0.0015,0.03,-2251.555213260795,0.002,0.03,-2251.62300343151,0.0025,0.03,-2251.710991158461,0.003,0.03,-2251.812513408524,0.0035,0.03,-2251.974202418211,0.004,0.03,-2252.122593018665,0.0045,0.03,-2252.196371483736,0.005,0.03,-2252.356985349483
0.2250933552152771,0,0.03,-2254.01320693155,0.0005,0.03,-2254.003073940703,0.001,0.03,-2253.993663896791,0.0015,0.03,-2253.988596818932,0.002,0.03,-2253.980166343344,0.0025,0.03,-2253.969906389696,0.003,0.03,-2253.959214178039,0.0035,0.03,-2253.946389449115,0.004,0.03,-2253.929598582821,0.0045,0.03,-2253.904114022789,0.005,0.03,-2253.872744066613
0.2301114114950834,0,0.03,-2279.323508583845,0.0005,0.03,-2279.324346908234,0.001,0.03,-2279.325405153793,0.0015,0.03,-2279.326947477414,0.002,0.03,-2279.329977065355,0.0025,0.03,-2279.333498632907,0.003,0.03,-2279.337172462544,0.0035,0.03,-2279.342397612885,0.004,0.03,-2279.347997853024,0.0045,0.03,-2279.351739334007,0.005,0.03,-2279.358108414062
0.2351012447518445,0,0.03,-2271.80639829151,0.0005,0.03,-2271.828726169179,0.001,0.03,-2271.84242384228,0.0015,0.03,-2271.836309623358,0.002,0.03,-2271.835113462929,0.0025,0.03,-2271.831423612981,0.003,0.03,-2271.825019283341,0.0035,0.03,-2271.822116415437,0.004,0.03,-2271.816774183201,0.0045,0.03,-2271.813917618718,0.005,0.03,-2271.809814179207
0.2400112325725089,0,0.03,-2297.771588203597,0.0005,0.03,-2297.788628782374,0.001,0.03,-2297.799682729566,0.0015,0.03,-2297.796330310427,0.002,0.03,-2297.797072835286,0.0025,0.03,-2297.795204730096,0.003,0.03,-2297.793483632952,0.0035,0.03,-2297.793330220738,0.004,0.03,-2297.792966743978,0.0045,0.03,-2297.797865633507,0.005,0.03,-2297.796743264341
0.2453445262501245,0,0.03,-2325.150997848616,0.0005,0.03,-2325.160174632319,0.001,0.03,-2325.165992569359,0.0015,0.03,-2325.165950226299,0.002,0.03,-2325.16874497023,0.0025,0.03,-2325.17132260147,0.003,0.03,-2325.175876292104,0.0035,0.03,-2325.181509458093,0.004,0.03,-2325.187195276109,0.0045,0.03,-2325.194589378902,0.005,0.03,-2325.20094880133
0.2500051011840437,0,0.03,-2365.908107025563,0.0005,0.03,-2365.857697320408,0.001,0.03,-2365.809377822739,0.0015,0.03,-2365.768402730374,0.002,0.03,-2365.702083787965,0.0025,0.03,-2365.617562746918,0.003,0.03,-2365.529298212793,0.0035,0.03,-2365.428820524454,0.004,0.03,-2365.277432759621,0.0045,0.03,-2365.108131487598,0.005,0.03,-2364.924590008196
0.2550455809076645,0,0.03,-2387.696129111063,0.0005,0.03,-2387.633330659423,0.001,0.03,-2387.586272469543,0.0015,0.03,-2387.589743857019,0.002,0.03,-2387.580838874791,0.0025,0.03,-2387.570437807239,0.003,0.03,-2387.573247859802,0.0035,0.03,-2387.580323248351,0.004,0.03,-2387.557989254703,0.0045,0.03,-2387.52619215741,0.005,0.03,-2387.504041546401
